r_c: 1.45660207

sigma_kin: -3471.22790504
sigma_cul: 838.42109840
sigma_x: 1967.62895355
sigma_c: 137.07045120
sigma_kin2: 299.95778109
sigma_xc2: 384.95792046
sigma_kin4: 361.99752606
sigma_xc4: 489.33462152
sigma_ii: 403.40233642
sigma_ei: 606.49980973

D0: 6.23374413

D_ei: 0.56257547

D_delta: 0.00000000

mu: 3.12950951

Beta: 1.03158886
Delta: 0.00000000

Sigma: 1528.70797188
Work function: 3.66681009

