r_c: 1.15920607

sigma_kin: -12840.55719253
sigma_cul: 4430.75732051
sigma_x: 5662.55087577
sigma_c: 272.51290020
sigma_kin2: 604.24632921
sigma_xc2: 610.25405696
sigma_kin4: 397.11165934
sigma_xc4: 554.30567616
sigma_ii: 7372.72944372
sigma_ei: -3444.42693037

D0: 14.71389504

D_ei: -1.39523101

D_delta: -0.00000000

mu: 6.17294691

Beta: 0.97850950
Delta: 0.00000000

Sigma: 2668.06680347
Work function: 7.14571712

