r_c: 1.15920607

sigma_kin: -9018.90905349
sigma_cul: 1535.28277572
sigma_x: 3977.24417980
sigma_c: 191.40672994
sigma_kin2: 860.28803512
sigma_xc2: 868.84146118
sigma_kin4: 1146.04646094
sigma_xc4: 1599.70135228
sigma_ii: 1144.41801749
sigma_ei: 1562.92039298

D0: 7.25885180

D_ei: 0.92269780

D_delta: 0.00000000

mu: 6.17294691

Beta: 1.39314047
Delta: 0.00000000

Sigma: 1121.49253874
Work function: 2.00860269

