r_c: 1.15920607

sigma_kin: -13800.49249997
sigma_cul: 5500.60059196
sigma_x: 6085.87226551
sigma_c: 292.88543939
sigma_kin2: 562.21613457
sigma_xc2: 567.80597651
sigma_kin4: 335.40306079
sigma_xc4: 446.49559469
sigma_ii: 7410.91377758
sigma_ei: -3878.95144761

Beta: 0.91044629
Delta: 0.00222040

Sigma: 3522.74889344
Work function: -6.17294691

