n1=0.019400,d1=3.280000,r1=1.456615,z1=4.000000
epsilon=1.000000
n2=0.000000,d2=3.850000,r2=0.920000,z2=0.000000
c1=6.589000,c2=4.700000,se1=1000.000000,se2=1000.000000
d0=0.000000,h=0.200000
==============================================================
w1=10.955229
w2=-0.891740
w3=9.397682
w4=7.197140
w5=1.266348
w6=11.874965
w7=14.069223
w8=0.000000
w9=-4.062145
w10=-1.703654
w10_=-1.610630
раб.вых.с учетом релакс.=7.107887
d=0.000000,beta=0.778000,m.s.n.=2426.387207,en.adg.=-426.387207
sku=0.000000,ski=339803853815808.000000,sob=0.000000,scor=0.000000
svk=0.000000,ei=0.000000,ii=0.000000,seid=341603747102720.000000
 d !beta!mf.e.!en.ad!kulon!kinet!obmen!corel!neodn!elion!eid  !ii   !SV   ! fa  
0.0!0.78! 2426! -426! 1952!-4598! 2607!  182!  226!-2532!  320! 3718!  294!
beta=0.778000     delta=-0.041000    
W(ЁрсюЄр т√їюфр)а =7.014864
