r_c: 1.45660207

sigma_kin: -3840.38618788
sigma_cul: 1135.37025068
sigma_x: 2176.88243550
sigma_c: 151.64762498
sigma_kin2: 271.12424874
sigma_xc2: 347.95372402
sigma_kin4: 280.29594913
sigma_xc4: 361.35214095
sigma_ii: 403.40233642
sigma_ei: 670.73132701

Beta: 0.93242707
Delta: 0.00000000

Sigma: 1958.37384956
Work function: -3.12950951

