r_c: 1.15920607

sigma_kin: -14332.19706020
sigma_cul: 6161.19093256
sigma_x: 6320.34839284
sigma_c: 304.16971231
sigma_kin2: 541.35869860
sigma_xc2: 546.74116518
sigma_kin4: 285.57878029
sigma_xc4: 398.62324660
sigma_ii: 8300.77872224
sigma_ei: -5133.61724882

D0: 18.33097041

D_ei: -1.45301649

D_delta: -1.57487179

mu: 6.17294691

Beta: 0.87667000
Delta: 0.05096120

Sigma: 3392.97534159
Work function: 9.13013523

