r_c: 1.15920607

sigma_kin: -10440.32138392
sigma_cul: 2381.59526527
sigma_x: 4604.07209044
sigma_c: 221.57311530
sigma_kin2: 743.16290306
sigma_xc2: 750.55181083
sigma_kin4: 738.79278201
sigma_xc4: 1031.23900533
sigma_ii: 1144.41801749
sigma_ei: 1866.56193220

D0: 9.72719562

D_ei: 0.95058743

D_delta: 0.00000000

mu: 6.17294691

Beta: 1.20346939
Delta: 0.00000000

Sigma: 2010.40653268
Work function: 4.50483615

