r_c: 1.45660207

sigma_kin: -4220.49191939
sigma_cul: 1506.96106826
sigma_x: 2392.34136334
sigma_c: 166.65708720
sigma_kin2: 246.70627025
sigma_xc2: 316.61633319
sigma_kin4: 211.17976352
sigma_xc4: 272.24888519
sigma_ii: 895.71757283
sigma_ei: -263.32808309

Beta: 0.84845087
Delta: 0.00222200

Sigma: 1524.60834130
Work function: -3.12950951

