r_c: 1.45660207

sigma_kin: -2841.08842835
sigma_cul: 459.69212842
sigma_x: 1610.44103244
sigma_c: 112.18775702
sigma_kin2: 366.48694552
sigma_xc2: 470.33969884
sigma_kin4: 660.23833051
sigma_xc4: 892.48530808
sigma_ii: 403.40233642
sigma_ei: 486.55193389

D0: 4.17592046

D_ei: 0.55217614

D_delta: 0.00000000

mu: 3.12950951

Beta: 1.26039021
Delta: 0.00000000

Sigma: 1068.01340420
Work function: 1.59858709

