r_c: 1.15920607

sigma_kin: -10483.83602008
sigma_cul: 2411.49859556
sigma_x: 4623.26158801
sigma_c: 222.49661882
sigma_kin2: 740.07830089
sigma_xc2: 747.43653996
sigma_kin4: 765.05052839
sigma_xc4: 1018.45132192
sigma_ii: 1144.41801749
sigma_ei: 1875.64210964

Beta: 1.19847422
Delta: 0.00000000

Sigma: 2046.04627868
Work function: -6.17294691

