r_c: 1.15920607

sigma_kin: -14094.64583784
sigma_cul: 5859.88182729
sigma_x: 6215.59079843
sigma_c: 299.12820425
sigma_kin2: 550.48276046
sigma_xc2: 555.95594316
sigma_kin4: 300.26294787
sigma_xc4: 419.12004454
sigma_ii: 17807.74484529
sigma_ei: -6304.50006644

D0: 17.72834725

D_ei: -3.34849052

D_delta: 2.31281658

mu: 6.17294691

Beta: 0.89144540
Delta: -0.13814860

Sigma: 11609.02146704
Work function: 10.51972640

