r_c: 1.15920607

sigma_kin: -10418.32123398
sigma_cul: 2366.57126763
sigma_x: 4594.37025535
sigma_c: 221.10620997
sigma_kin2: 744.73222454
sigma_xc2: 752.13673531
sigma_kin4: 743.48295178
sigma_xc4: 1037.78574770
sigma_ii: 6364.85872023
sigma_ei: -1875.56680508

D0: 9.68624396

D_ei: -0.95029948

D_delta: -0.00000000

mu: 4.96125431

Beta: 1.20601073
Delta: 0.00000000

Sigma: -1739.40454118
Work function: 4.72498964

