r_c: 1.45660207

sigma_kin: -3942.30895464
sigma_cul: 1228.18781048
sigma_x: 2234.65628164
sigma_c: 155.67231019
sigma_kin2: 264.11471857
sigma_xc2: 338.95787751
sigma_kin4: 259.11320672
sigma_xc4: 334.04375728
sigma_ii: 891.34524481
sigma_ei: -198.07427419

Beta: 0.90832050
Delta: 0.00000000

Sigma: 1231.66422109
Work function: -3.12950951

