r_c: 1.45660207

sigma_kin: -4635.29460910
sigma_cul: 1996.38749013
sigma_x: 2627.46789626
sigma_c: 183.03664896
sigma_kin2: 224.62904904
sigma_xc2: 288.28300862
sigma_kin4: 159.40777209
sigma_xc4: 205.50543063
sigma_ii: 4028.90190054
sigma_ei: -2541.10186098

Beta: 0.77252480
Delta: 0.00000000

Sigma: 2331.71729556
Work function: -3.12950951

