r_c: 1.15920607

sigma_kin: -11386.80594283
sigma_cul: 3089.81240929
sigma_x: 5021.46184134
sigma_c: 241.66019161
sigma_kin2: 681.39033786
sigma_xc2: 688.16507102
sigma_kin4: 569.45379155
sigma_xc4: 794.86829850
sigma_ii: 1144.41801749
sigma_ei: 2061.58010328

D0: 11.57080976

D_ei: 0.96130117

D_delta: 0.00000000

mu: 6.17294691

Beta: 1.10343561
Delta: 0.00000000

Sigma: 2906.00411910
Work function: 6.35916402

