r_c: 1.15920607

sigma_kin: -15107.27793012
sigma_cul: 7215.80871909
sigma_x: 6662.15091690
sigma_c: 320.61911810
sigma_kin2: 513.58421977
sigma_xc2: 518.69053820
sigma_kin4: 243.84035943
sigma_xc4: 340.36294864
sigma_ii: 22351.89999328
sigma_ei: -10687.69701892

D0: 20.36724805

D_ei: -3.29576576

D_delta: -0.00000000

mu: 6.17294691

Beta: 0.83169233
Delta: 0.00000000

Sigma: 12371.98186435
Work function: 10.89853538

