r_c: 1.15920607

sigma_kin: -13776.55498559
sigma_cul: 5472.02716613
sigma_x: 6075.31607305
sigma_c: 292.37741771
sigma_kin2: 563.19301572
sigma_xc2: 568.79257031
sigma_kin4: 337.15444363
sigma_xc4: 448.82707229
sigma_ii: 7372.72944372
sigma_ei: -3820.39899212

Beta: 0.91202824
Delta: 0.00000000

Sigma: 3533.46322486
Work function: -6.17294691

