r_c: 1.45660207

sigma_kin: -4206.54417452
sigma_cul: 1492.06992039
sigma_x: 2384.43523116
sigma_c: 166.10632427
sigma_kin2: 247.52428047
sigma_xc2: 317.66614597
sigma_kin4: 203.41296294
sigma_xc4: 274.96598199
sigma_ii: 891.34524481
sigma_ei: -249.07050430

D0: 9.15447880

D_ei: -0.18919360

D_delta: -0.00000000

mu: 3.12950951

Beta: 0.85126410
Delta: 0.00000000

Sigma: 1521.91141317
Work function: 5.83577569

