r_c: 1.15920607

sigma_kin: -11412.16231093
sigma_cul: 3110.49977695
sigma_x: 5032.64373339
sigma_c: 242.19832538
sigma_kin2: 679.87637550
sigma_xc2: 686.63605606
sigma_kin4: 593.12599487
sigma_xc4: 789.58177417
sigma_ii: 1144.41801749
sigma_ei: 2066.73749342

Beta: 1.10098392
Delta: 0.00000000

Sigma: 2933.55523630
Work function: -6.17294691

