r_c: 1.15920607

sigma_kin: -13762.17379329
sigma_cul: 5454.90848395
sigma_x: 6068.97411827
sigma_c: 292.07220818
sigma_kin2: 563.78154099
sigma_xc2: 569.38694700
sigma_kin4: 322.55452073
sigma_xc4: 450.23558868
sigma_ii: 7372.72944372
sigma_ei: -3814.63927924

D0: 16.90184017

D_ei: -1.43336914

D_delta: -0.00000000

mu: 6.17294691

Beta: 0.91298129
Delta: 0.00000000

Sigma: 3517.82977900
Work function: 9.29552412

