r_c: 1.45660207

sigma_kin: -4628.50845095
sigma_cul: 1987.63207467
sigma_x: 2623.62123403
sigma_c: 182.76867988
sigma_kin2: 224.95839234
sigma_xc2: 288.70567914
sigma_kin4: 152.69745708
sigma_xc4: 206.41067131
sigma_ii: 4028.90190054
sigma_ei: -2536.45586713

D0: 11.08319151

D_ei: -1.69575899

D_delta: -0.00000000

mu: 3.12950951

Beta: 0.77365745
Delta: 0.00000000

Sigma: 2324.32109961
Work function: 6.25792300

