r_c: 1.15920607

sigma_kin: -15117.49330188
sigma_cul: 7230.45636578
sigma_x: 6666.65578857
sigma_c: 320.83591714
sigma_kin2: 513.23717455
sigma_xc2: 518.34004248
sigma_kin4: 255.15931242
sigma_xc4: 339.67343252
sigma_ii: 22351.89999328
sigma_ei: -10694.95795555

Beta: 0.83113033
Delta: 0.00000000

Sigma: 12383.80676931
Work function: -6.17294691

