r_c: 1.45660207

sigma_kin: -4793.24928446
sigma_cul: 2207.51092538
sigma_x: 2717.00283925
sigma_c: 189.27389964
sigma_kin2: 217.22671997
sigma_xc2: 278.78305434
sigma_kin4: 144.16222288
sigma_xc4: 185.85116211
sigma_ii: 4010.98390605
sigma_ei: -2633.15674244

Beta: 0.74706735
Delta: -0.00202400

Sigma: 2524.38870273
Work function: -3.12950951

