r_c: 1.45660207

sigma_kin: -3218.98408130
sigma_cul: 668.60450778
sigma_x: 1824.64720054
sigma_c: 127.10994855
sigma_kin2: 323.46286709
sigma_xc2: 415.12372910
sigma_kin4: 453.94004959
sigma_xc4: 613.61906192
sigma_ii: 4073.50958095
sigma_ei: -1570.45366230

D0: 5.36068605

D_ei: -1.55318330

D_delta: -0.00000000

mu: 0.93458478

Beta: 1.11242552
Delta: 0.00000000

Sigma: 139.96417178
Work function: 4.42610127

