r_c: 1.15920607

sigma_kin: -13307.71745892
sigma_cul: 4932.15901398
sigma_x: 5868.56364732
sigma_c: 282.42736086
sigma_kin2: 583.03458670
sigma_xc2: 588.83141639
sigma_kin4: 374.05896069
sigma_xc4: 497.95514003
sigma_ii: 7372.72944372
sigma_ei: -3632.34873927

Beta: 0.94415945
Delta: 0.00000000

Sigma: 3061.73823148
Work function: -6.17294691

