r_c: 1.45660207

sigma_kin: -3845.00616433
sigma_cul: 1139.47272602
sigma_x: 2179.50122046
sigma_c: 151.83005675
sigma_kin2: 270.79847875
sigma_xc2: 347.53563938
sigma_kin4: 279.28679183
sigma_xc4: 360.05115479
sigma_ii: 405.38115142
sigma_ei: 663.61356324

Beta: 0.93130671
Delta: 0.00222200

Sigma: 1952.46461831
Work function: -3.12950951

