r_c: 1.15920607

sigma_kin: -12009.40863285
sigma_cul: 3624.85986988
sigma_x: 5296.02308932
sigma_c: 254.87357964
sigma_kin2: 646.06507995
sigma_xc2: 652.48859123
sigma_kin4: 485.39956159
sigma_xc4: 677.54175902
sigma_ii: 1374.95742369
sigma_ei: 1625.91531072

D0: 12.87072939

D_ei: 0.96597025

D_delta: -3.43497338

mu: 6.17294691

Beta: 1.04623030
Delta: 0.06831150

Sigma: 2628.71563220
Work function: 4.22877936

