r_c: 1.45660207

sigma_kin: -4214.48048537
sigma_cul: 1500.53094101
sigma_x: 2388.93384532
sigma_c: 166.41971012
sigma_kin2: 247.05816617
sigma_xc2: 317.06794714
sigma_kin4: 212.08471837
sigma_xc4: 273.41553556
sigma_ii: 891.34524481
sigma_ei: -250.61772635

Beta: 0.84966108
Delta: 0.00000000

Sigma: 1531.75789678
Work function: -3.12950951

