r_c: 1.15920607

sigma_kin: -13288.85751938
sigma_cul: 4911.21888204
sigma_x: 5860.24661205
sigma_c: 282.02709966
sigma_kin2: 583.86204662
sigma_xc2: 589.66710335
sigma_kin4: 358.26246680
sigma_xc4: 500.07828839
sigma_ii: 7372.72944372
sigma_ei: -3624.77226160

D0: 15.75923765

D_ei: -1.41483439

D_delta: -0.00000000

mu: 6.17294691

Beta: 0.94549943
Delta: 0.00000000

Sigma: 3044.38387325
Work function: 8.17145634

