r_c: 1.15920607

sigma_kin: -15117.47584039
sigma_cul: 7230.43131115
sigma_x: 6666.64808823
sigma_c: 320.83554656
sigma_kin2: 513.23776737
sigma_xc2: 518.34064119
sigma_kin4: 255.16019659
sigma_xc4: 339.67460954
sigma_ii: 22351.81541631
sigma_ei: -10694.88677782

Beta: 0.83113129
Delta: -0.00000230

Sigma: 12383.78095873
Work function: -6.17294691

