r_c: 1.15920607

sigma_kin: -14798.48183296
sigma_cul: 6782.31327653
sigma_x: 6525.97508089
sigma_c: 314.06559252
sigma_kin2: 524.30104899
sigma_xc2: 529.51391966
sigma_kin4: 272.01902943
sigma_xc4: 362.11744169
sigma_ii: 22351.89999328
sigma_ei: -10468.20831576

Beta: 0.84904704
Delta: 0.00000000

Sigma: 12033.39779258
Work function: -6.17294691

