r_c: 1.45660207

sigma_kin: -4466.60416226
sigma_cul: 1786.26221732
sigma_x: 2531.84749435
sigma_c: 176.37546845
sigma_kin2: 233.11262477
sigma_xc2: 299.17060640
sigma_kin4: 169.91142760
sigma_xc4: 229.67986832
sigma_ii: 4028.90190054
sigma_ei: -2425.42413526

D0: 10.32137716

D_ei: -1.68684192

D_delta: -0.00000000

mu: 3.12950951

Beta: 0.80170078
Delta: 0.00000000

Sigma: 2163.64201431
Work function: 5.50502572

