r_c: 1.45660207

sigma_kin: -3560.49790294
sigma_cul: 904.78421721
sigma_x: 2018.23071101
sigma_c: 140.59550897
sigma_kin2: 292.43713898
sigma_xc2: 375.30612633
sigma_kin4: 335.44612920
sigma_xc4: 453.44344326
sigma_ii: 891.34524481
sigma_ei: -126.90800022

D0: 6.55849488

D_ei: -0.11445710

D_delta: -0.00000000

mu: 3.12950951

Beta: 1.00572452
Delta: 0.00000000

Sigma: 935.29304414
Work function: 3.31452827

