r_c: 1.45660207

sigma_kin: -3929.70907228
sigma_cul: 1216.44929714
sigma_x: 2227.51417112
sigma_c: 155.17477111
sigma_kin2: 264.96155337
sigma_xc2: 340.04468300
sigma_kin4: 249.50186098
sigma_xc4: 337.26721847
sigma_ii: 891.34524481
sigma_ei: -195.67180592

D0: 7.98920407

D_ei: -0.15947963

D_delta: -0.00000000

mu: 3.12950951

Beta: 0.91123286
Delta: 0.00000000

Sigma: 1219.61070331
Work function: 4.70021492

