r_c: 1.45660207

sigma_kin: -4793.66495400
sigma_cul: 2208.08527978
sigma_x: 2717.23845715
sigma_c: 189.29031343
sigma_kin2: 217.20788375
sigma_xc2: 278.75888044
sigma_kin4: 137.45228330
sigma_xc4: 185.80281958
sigma_ii: 4028.90190054
sigma_ei: -2649.34909487

D0: 11.88825380

D_ei: -1.70323976

D_delta: -0.00000000

mu: 3.12950951

Beta: 0.74700257
Delta: 0.00000000

Sigma: 2519.72376910
Work function: 7.05550453

