r_c: 1.15920607

sigma_kin: -10418.32132037
sigma_cul: 2366.57132650
sigma_x: 4594.37029345
sigma_c: 221.10621180
sigma_kin2: 744.73221836
sigma_xc2: 752.13672907
sigma_kin4: 779.57433781
sigma_xc4: 1037.78572188
sigma_ii: 22351.89999328
sigma_ei: -7355.81377391

Beta: 1.20601072
Delta: 0.00000000

Sigma: -1739.40454118
Work function: -4.96125431

