r_c: 1.15920607

sigma_kin: -11579.55025719
sigma_cul: 3249.38694265
sigma_x: 5106.46005985
sigma_c: 245.75077049
sigma_kin2: 670.04843679
sigma_xc2: 676.71040293
sigma_kin4: 567.77426244
sigma_xc4: 755.83301583
sigma_ii: 1207.59248291
sigma_ei: 1892.92848498

Beta: 1.08506867
Delta: 0.02000008

Sigma: 2792.93460168
Work function: -6.17294691

