r_c: 1.45660207

sigma_kin: -4703.53971391
sigma_cul: 2085.87010242
sigma_x: 2666.15191466
sigma_c: 185.73148421
sigma_kin2: 221.36983706
sigma_xc2: 284.10022176
sigma_kin4: 145.50587933
sigma_xc4: 196.68936737
sigma_ii: 3746.82513146
sigma_ei: -2325.87628077

D0: 11.44543613

D_ei: -1.69934934

D_delta: 0.52453184

mu: 3.12950951

Beta: 0.76131600
Delta: -0.03296000

Sigma: 2502.82794359
Work function: 7.14110911

