r_c: 1.45660207

sigma_kin: -3830.60675692
sigma_cul: 1126.71875763
sigma_x: 2171.33906813
sigma_c: 151.26145874
sigma_kin2: 271.81642130
sigma_xc2: 348.84204006
sigma_kin4: 269.37189193
sigma_xc4: 364.12677794
sigma_ii: 403.40233642
sigma_ei: 669.07557622

D0: 7.59132974

D_ei: 0.56164201

D_delta: 0.00000000

mu: 3.12950951

Beta: 0.93480753
Delta: 0.00000000

Sigma: 1945.34757145
Work function: 5.02346224

