r_c: 1.45660207

sigma_kin: -3488.60446425
sigma_cul: 851.07534585
sigma_x: 1977.47867300
sigma_c: 137.75660978
sigma_kin2: 298.46370683
sigma_xc2: 383.04046488
sigma_kin4: 373.92656665
sigma_xc4: 482.05893034
sigma_ii: 403.40233642
sigma_ei: 609.60969327

Beta: 1.02645057
Delta: 0.00000000

Sigma: 1546.14893243
Work function: -3.12950951

