r_c: 1.45660207

sigma_kin: -4798.85129373
sigma_cul: 2215.25992066
sigma_x: 2720.17827916
sigma_c: 189.49510953
sigma_kin2: 216.97313718
sigma_xc2: 278.45761287
sigma_kin4: 143.65794238
sigma_xc4: 185.20105340
sigma_ii: 4028.90190054
sigma_ei: -2652.88827924

Beta: 0.74619525
Delta: 0.00000000

Sigma: 2526.38538275
Work function: -3.12950951

