r_c: 1.45660207

sigma_kin: -4579.06489863
sigma_cul: 1924.61209032
sigma_x: 2595.59467750
sigma_c: 180.81627277
sigma_kin2: 227.38743458
sigma_xc2: 291.82304801
sigma_kin4: 157.69742118
sigma_xc4: 213.16943447
sigma_ii: 1163.54642913
sigma_ei: -846.42739529

D0: 10.84766621

D_ei: -0.22411250

D_delta: -2.84237617

mu: 3.12950951

Beta: 0.78201120
Delta: 0.12101273

Sigma: 1329.15451405
Work function: 4.65166802

