r_c: 1.15920607

sigma_kin: -14786.30391738
sigma_cul: 6765.58321805
sigma_x: 6520.60474801
sigma_c: 313.80714274
sigma_kin2: 524.73286035
sigma_xc2: 529.95002430
sigma_kin4: 260.06706812
sigma_xc4: 363.01289236
sigma_ii: 22351.89999328
sigma_ei: -10459.55236304

D0: 19.51098394

D_ei: -3.31246347

D_delta: -0.00000000

mu: 6.17294691

Beta: 0.84974631
Delta: 0.00000000

Sigma: 12020.78877444
Work function: 10.02557357

