r_c: 1.45660207

sigma_kin: -4019.98501389
sigma_cul: 1302.22526068
sigma_x: 2278.68613717
sigma_c: 158.73955118
sigma_kin2: 259.01136857
sigma_xc2: 332.40837245
sigma_kin4: 233.06748270
sigma_xc4: 315.05184491
sigma_ii: 482.44908919
sigma_ei: 495.93779217

D0: 8.36048715

D_ei: 0.56002596

D_delta: -2.37946108

mu: 3.12950951

Beta: 0.89076950
Delta: 0.08125500

Sigma: 1837.59188512
Work function: 3.41154251

