r_c: 1.15920607

sigma_kin: -14514.15969304
sigma_cul: 6398.85171977
sigma_x: 6400.59200302
sigma_c: 308.03147345
sigma_kin2: 534.57173633
sigma_xc2: 539.88672345
sigma_kin4: 274.97205260
sigma_xc4: 383.81791609
sigma_ii: 22351.89999328
sigma_ei: -10266.11437073

D0: 18.79938789

D_ei: -3.32663509

D_delta: -0.00000000

mu: 6.17294691

Beta: 0.86567927
Delta: 0.00000000

Sigma: 11753.55958554
Work function: 9.29980589

